134,35
3,2
3,1
3,3
10,266
10,129
10,88
10,134
10,250
10,17
10,241
10,2
10,3
9,7
9,1
9,5
8,11
8,14
8,6
8,17
8,16
8,2
8,3
121,3
121,1
120,4
120,3
120,2
120,1
118,5
118,4
118,3
118,2
118,1
115,6
115,5
115,4
115,3
115,2
115,1
115,0
113,4
113,3
113,2
113,1
112,3
112,1
20,3
20,2
20,1
19,3
19,2
19,1
14,5
14,4
14,2
14,0
12,3
12,2
12,1
11,28
11,27
11,26
11,25
11,24
11,23
11,22
11,21
11,20
11,19
11,18
11,17
11,16
11,15
11,14
11,13
11,12
11,11
11,10
11,9
11,8
11,7
11,6
11,5
11,4
11,3
11,2
11,1
10,302
10,292
10,286
10,274
10,273
10,271
10,268
10,264
10,257
10,248
10,246
10,242
10,240
10,239
10,238
10,236
10,233
10,228
10,227
10,220
10,212
10,207
10,206
10,203
10,196
18,1
10,194
18,3
10,175
10,167
10,166
10,158
14,1
